0.5961468950748628
0.9843969775622456
0.2901269205349449
1.7809558240273529
0.43631993300584043
2.2344033203305638
0.5466933001523794
24.436961457389256
0.5537262792101881
0.4789160568249931
0.343691193568793
0.3105292448865009
0.19540271218886676
2.643261121384477
0.0974112119241034
0.49903827570128456
1.0861816715345571
1.610321240107746
0.5388308736394282
0.5724073602256587
0.11056424612751388
13.502309473961956
0.595002073628013
0.4078094318377411
0.30053276486573843
1.1162438142039761
0.37270819630406143
0.7952508993770113
0.17796395488345693
4.746216843475355
